NI (c) Historical Data Viewer v2.0                             
Created: 04.12.2019 13:35:16.797 W. Europe Standard Time
Number of rows: 802
Interpolation interval: 1 seconds

Row;Time;\\MU15EM11015\R800\MU15EM11015\R800 Analyse Prozess\Indikator 2;\\MU15EM11015\R800\MU15EM11015\R800 Analyse Prozess\Leitfähigkeit;\\MU15EM11015\R800\MU15EM11015\R800 Analyse Prozess\Temperatur
1;13:20:47.031;1;12.15;45.1587
2;13:20:48.031;1;12.15;45.1599
3;13:20:49.031;1;12.15;45.1599
4;13:20:50.031;1;12.15;45.1599
5;13:20:51.031;1;12.15;45.1599
6;13:20:52.031;1;12.15;45.1599
7;13:20:53.031;1;12.15;45.1599
8;13:20:54.031;1;12.15;45.1599
9;13:20:55.031;1;12.15;45.1599
10;13:20:56.031;1;12.15;45.1599
11;13:20:57.031;1;12.15;45.1599
12;13:20:58.031;1;12.15;45.1599
13;13:20:59.031;1;12.15;45.1599
14;13:21:00.031;1;12.15;45.1599
15;13:21:01.031;1;12.15;45.1599
16;13:21:02.031;1;12.15;45.1599
17;13:21:03.031;1;12.15;45.1599
18;13:21:04.031;1;12.15;45.1599
19;13:21:05.031;1;12.15;45.1599
20;13:21:06.031;1;12.15;45.1599
21;13:21:07.031;1;12.15;45.1599
22;13:21:08.031;1;12.15;45.1599
23;13:21:09.031;1;12.15;45.1599
24;13:21:10.031;1;12.15;45.1599
25;13:21:11.031;1;12.0441;45.1599
26;13:21:12.031;44.2033;12.1093;45.1599
27;13:21:13.031;50;12.1199;45.1599
28;13:21:14.031;50;12.1023;45.1512
29;13:21:15.031;50;12.0647;45.15
30;13:21:16.031;50;12.06;45.15
31;13:21:17.031;50;12.0071;45.1413
32;13:21:18.031;50;11.9647;45.1401
33;13:21:19.031;50;11.96;45.1401
34;13:21:20.031;50;11.9071;45.1401
35;13:21:21.031;50;11.8383;45.1401
36;13:21:22.031;50;11.83;45.1401
37;13:21:23.031;50;11.7859;45.1313
38;13:21:24.031;50;11.7271;45.1301
39;13:21:25.031;50;11.72;45.1301
40;13:21:26.031;50;11.6583;45.1301
41;13:21:27.031;50;11.5971;45.1301
42;13:21:28.031;50;11.59;45.1301
43;13:21:29.031;50;11.5548;45.1301
44;13:21:30.031;50;11.4971;45.1301
45;13:21:31.031;50;11.49;45.1301
46;13:21:32.031;50;11.4547;45.1301
47;13:21:33.031;50;11.4147;45.1388
48;13:21:34.031;50;11.41;45.14
49;13:21:35.031;50;11.3659;45.14
50;13:21:36.031;50;11.3247;45.14
51;13:21:37.031;50;11.32;45.14
52;13:21:38.031;50;11.2759;45.14
53;13:21:39.031;50;11.2347;45.1487
54;13:21:40.031;50;11.23;45.1499
55;13:21:41.031;50;11.1859;45.1499
56;13:21:42.031;50;11.1271;45.1499
57;13:21:43.031;50;11.12;45.1499
58;13:21:44.031;50;11.0847;45.1499
59;13:21:45.031;50;11.0094;45.1587
60;13:21:46.031;50;11;45.1599
61;13:21:47.031;50;10.9118;45.1599
62;13:21:48.031;50;10.794;45.1688
63;13:21:49.031;50;10.78;45.17
64;13:21:50.031;50;10.7006;45.17
65;13:21:51.031;50;10.6018;45.17
66;13:21:52.031;50;10.59;45.17
67;13:21:53.031;50;10.5018;45.1787
68;13:21:54.031;50;10.4018;45.1887
69;13:21:55.031;50;10.39;45.1899
70;13:21:56.031;50;10.3371;45.1899
71;13:21:57.031;50;10.2683;45.1899
72;13:21:58.031;50;10.26;45.1899
73;13:21:59.031;50;10.1983;45.1988
74;13:22:00.031;50;10.1283;45.2
75;13:22:01.031;50;10.12;45.2
76;13:22:02.031;50;10.0671;45.2087
77;13:22:03.031;50;9.98943;45.2099
78;13:22:04.031;50;9.98;45.2099
79;13:22:05.031;50;9.92713;45.2187
80;13:22:06.031;50;9.85826;45.2199
81;13:22:07.031;50;9.85;45.2199
82;13:22:08.031;50;9.79707;45.2287
83;13:22:09.031;50;9.74589;45.2388
84;13:22:10.031;50;9.74;45.24
85;13:22:11.031;50;9.68707;45.24
86;13:22:12.031;50;9.63598;45.2487
87;13:22:13.031;50;9.6301;45.2499
88;13:22:14.031;50;9.57709;45.2588
89;13:22:15.031;50;9.53472;45.26
90;13:22:16.031;50;9.53;45.26
91;13:22:17.031;50;9.47707;45.2688
92;13:22:18.031;50;9.42589;45.2788
93;13:22:19.031;50;9.42;45.28
94;13:22:20.031;50;9.37589;45.28
95;13:22:21.031;50;9.33484;45.28
96;13:22:22.031;50;9.3301;45.28
97;13:22:23.031;50;9.28591;45.2888
98;13:22:24.031;50;9.23598;45.2988
99;13:22:25.031;50;9.2301;45.3
100;13:22:26.031;50;9.19473;45.3
101;13:22:27.031;50;9.14598;45.3
102;13:22:28.031;50;9.1401;45.3
103;13:22:29.031;50;9.10473;45.3088
104;13:22:30.031;50;9.0648;45.31
105;13:22:31.031;50;9.0601;45.31
106;13:22:32.031;50;9.02473;45.31
107;13:22:33.031;50;8.9848;45.31
108;13:22:34.031;50;8.9801;45.31
109;13:22:35.031;50;8.94473;45.3188
110;13:22:36.031;50;8.9048;45.32
111;13:22:37.031;50;8.9001;45.32
112;13:22:38.031;50;8.86477;45.3288
113;13:22:39.031;50;8.82484;45.33
114;13:22:40.031;50;8.8201;45.33
115;13:22:41.031;50;8.78473;45.33
116;13:22:42.031;50;8.75362;45.3388
117;13:22:43.031;50;8.7501;45.34
118;13:22:44.031;50;8.71482;45.34
119;13:22:45.031;50;8.68355;45.34
120;13:22:46.031;50;8.68;45.34
121;13:22:47.031;50;8.64472;45.34
122;13:22:48.031;50;8.61354;45.3488
123;13:22:49.031;50;8.61;45.35
124;13:22:50.031;50;8.57472;45.35
125;13:22:51.031;50;8.54354;45.35
126;13:22:52.031;50;8.54;45.35
127;13:22:53.031;50;8.51356;45.35
128;13:22:54.031;50;8.48357;45.35
129;13:22:55.031;50;8.48;45.35
130;13:22:56.031;50;8.45357;45.35
131;13:22:57.031;50;8.42357;45.3588
132;13:22:58.031;50;8.42;45.36
133;13:22:59.031;50;8.39354;45.3513
134;13:23:00.031;50;8.36354;45.3501
135;13:23:01.031;50;8.36;45.3501
136;13:23:02.031;50;8.33354;45.3588
137;13:23:03.031;50;8.30354;45.36
138;13:23:04.031;50;8.3;45.36
139;13:23:05.031;50;8.27354;45.36
140;13:23:06.031;50;8.24354;45.36
141;13:23:07.031;50;8.24;45.36
142;13:23:08.031;50;8.22238;45.36
143;13:23:09.031;50;8.19357;45.36
144;13:23:10.031;50;8.19;45.36
145;13:23:11.031;50;8.16357;45.36
146;13:23:12.031;50;8.14238;45.36
147;13:23:13.031;50;8.14;45.36
148;13:23:14.031;50;8.11357;45.36
149;13:23:15.031;50;8.09236;45.36
150;13:23:16.031;50;8.09;45.36
151;13:23:17.031;50;8.06354;45.36
152;13:23:18.031;50;8.04236;45.36
153;13:23:19.031;50;8.04;45.36
154;13:23:20.031;50;8.01354;45.36
155;13:23:21.031;50;7.99236;45.36
156;13:23:22.031;50;7.99;45.36
157;13:23:23.031;50;7.96354;45.36
158;13:23:24.031;50;7.94238;45.36
159;13:23:25.031;50;7.94;45.36
160;13:23:26.031;50;7.92238;45.36
161;13:23:27.031;50;7.89357;45.36
162;13:23:28.031;50;7.89;45.36
163;13:23:29.031;50;7.87238;45.36
164;13:23:30.031;50;7.85238;45.36
165;13:23:31.031;50;7.85;45.36
166;13:23:32.031;50;7.83238;45.36
167;13:23:33.031;50;7.81236;45.36
168;13:23:34.031;50;7.81;45.36
169;13:23:35.031;50;7.79236;45.36
170;13:23:36.031;50;7.77236;45.36
171;13:23:37.031;50;7.77;45.36
172;13:23:38.031;50;7.75236;45.36
173;13:23:39.031;50;7.72354;45.36
174;13:23:40.031;50;7.72;45.36
175;13:23:41.031;50;7.70238;45.36
176;13:23:42.031;50;7.68238;45.36
177;13:23:43.031;50;7.68;45.36
178;13:23:44.031;50;7.66238;45.36
179;13:23:45.031;50;7.65119;45.36
180;13:23:46.031;50;7.65;45.36
181;13:23:47.031;50;7.63238;45.36
182;13:23:48.031;50;7.61238;45.36
183;13:23:49.031;50;7.61;45.36
184;13:23:50.031;50;7.59236;45.36
185;13:23:51.031;50;7.57236;45.36
186;13:23:52.031;50;7.57;45.36
187;13:23:53.031;50;7.55236;45.36
188;13:23:54.031;50;7.53236;45.36
189;13:23:55.031;50;7.53;45.36
190;13:23:56.031;50;7.52119;45.36
191;13:23:57.031;50;7.50238;45.3513
192;13:23:58.031;50;7.5;45.3501
193;13:23:59.031;50;7.48238;45.3588
194;13:24:00.031;50;7.46238;45.3513
195;13:24:01.031;50;7.46;45.3501
196;13:24:02.031;50;7.45119;45.3501
197;13:24:03.031;50;7.43238;45.3501
198;13:24:04.031;50;7.43;45.3501
199;13:24:05.031;50;7.41238;45.3501
200;13:24:06.031;50;7.40119;45.3501
201;13:24:07.031;50;7.4;45.3501
202;13:24:08.031;50;7.38236;45.3501
203;13:24:09.031;50;7.37118;45.3501
204;13:24:10.031;50;7.37;45.3501
205;13:24:11.031;50;7.35238;45.3501
206;13:24:12.031;50;7.33238;45.3501
207;13:24:13.031;50;7.33;45.3501
208;13:24:14.031;50;7.32119;45.3501
209;13:24:15.031;50;7.30238;45.3501
210;13:24:16.031;50;7.3;45.3501
211;13:24:17.031;50;7.29119;45.3501
212;13:24:18.031;50;7.27238;45.3501
213;13:24:19.031;50;7.27;45.3501
214;13:24:20.031;50;7.26119;45.3501
215;13:24:21.031;50;7.24238;45.3501
216;13:24:22.031;50;7.24;45.3501
217;13:24:23.031;50;7.23119;45.3501
218;13:24:24.031;50;7.21238;45.3501
219;13:24:25.031;50;7.21;45.3501
220;13:24:26.031;50;7.20118;45.3413
221;13:24:27.031;50;7.19119;45.3401
222;13:24:28.031;50;7.19;45.3401
223;13:24:29.031;50;7.17238;45.3401
224;13:24:30.031;50;7.15238;45.3401
225;13:24:31.031;50;7.15;45.3401
226;13:24:32.031;50;7.13238;45.3401
227;13:24:33.031;50;7.12119;45.3401
228;13:24:34.031;50;7.12;45.3401
229;13:24:35.031;50;7.10238;45.3401
230;13:24:36.031;50;7.08238;45.3401
231;13:24:37.031;50;7.08;45.3401
232;13:24:38.031;50;7.06238;45.3401
233;13:24:39.031;50;7.05119;45.3401
234;13:24:40.031;50;7.05;45.3401
235;13:24:41.031;50;7.03238;45.3401
236;13:24:42.031;50;7.0124;45.3401
237;13:24:43.031;50;7.01;45.3401
238;13:24:44.031;50;6.99238;45.3312
239;13:24:45.031;50;6.98119;45.33
240;13:24:46.031;50;6.98;45.33
241;13:24:47.031;50;6.96238;45.33
242;13:24:48.031;50;6.95119;45.33
243;13:24:49.031;50;6.95;45.33
244;13:24:50.031;50;6.93238;45.33
245;13:24:51.031;50;6.92119;45.33
246;13:24:52.031;50;6.92;45.33
247;13:24:53.031;50;6.90238;45.33
248;13:24:54.031;50;6.89119;45.33
249;13:24:55.031;50;6.89;45.33
250;13:24:56.031;50;6.87238;45.33
251;13:24:57.031;50;6.8524;45.33
252;13:24:58.031;50;6.85;45.33
253;13:24:59.031;50;6.8412;45.3213
254;13:25:00.031;50;6.82238;45.3288
255;13:25:01.031;50;6.82;45.33
256;13:25:02.031;50;6.81119;45.3213
257;13:25:03.031;50;6.79238;45.3201
258;13:25:04.031;50;6.79;45.3201
259;13:25:05.031;50;6.78119;45.3288
260;13:25:06.031;50;6.76238;45.3213
261;13:25:07.031;50;6.76;45.3201
262;13:25:08.031;50;6.75119;45.3201
263;13:25:09.031;50;6.74119;45.3201
264;13:25:10.031;50;6.74;45.3201
265;13:25:11.031;50;6.72238;45.3201
266;13:25:12.031;50;6.7112;45.3201
267;13:25:13.031;50;6.71;45.3201
268;13:25:14.031;50;6.7012;45.3201
269;13:25:15.031;50;6.6824;45.3201
270;13:25:16.031;50;6.68;45.3201
271;13:25:17.031;50;6.6712;45.3201
272;13:25:18.031;50;6.66119;45.3113
273;13:25:19.031;50;6.66;45.3101
274;13:25:20.031;50;6.64238;45.3188
275;13:25:21.031;50;6.63119;45.3113
276;13:25:22.031;50;6.63;45.3101
277;13:25:23.031;50;6.62119;45.3188
278;13:25:24.031;50;6.60238;45.3113
279;13:25:25.031;50;6.6;45.3101
280;13:25:26.031;50;6.59119;45.3101
281;13:25:27.031;50;6.5812;45.3101
282;13:25:28.031;50;6.58;45.3101
283;13:25:29.031;50;6.5712;45.3101
284;13:25:30.031;50;6.5524;45.3101
285;13:25:31.031;50;6.55;45.3101
286;13:25:32.031;50;6.5412;45.3101
287;13:25:33.031;50;6.5312;45.3101
288;13:25:34.031;50;6.53;45.3101
289;13:25:35.031;50;6.52119;45.3012
290;13:25:36.031;50;6.51119;45.3088
291;13:25:37.031;50;6.51;45.31
292;13:25:38.031;50;6.50128;45.3012
293;13:25:39.031;50;6.48248;45.3
294;13:25:40.031;50;6.4801;45.3
295;13:25:41.031;50;6.4712;45.3
296;13:25:42.031;50;6.46129;45.3
297;13:25:43.031;50;6.4601;45.3
298;13:25:44.031;50;6.4513;45.3
299;13:25:45.031;50;6.4413;45.3
300;13:25:46.031;50;6.4401;45.3
301;13:25:47.031;50;6.43121;45.3
302;13:25:48.031;50;6.42129;45.3
303;13:25:49.031;50;6.4201;45.3
304;13:25:50.031;50;6.4113;45.3
305;13:25:51.031;50;6.4013;45.3
306;13:25:52.031;50;6.4001;45.3
307;13:25:53.031;50;6.3912;45.3
308;13:25:54.031;50;6.38128;45.3
309;13:25:55.031;50;6.3801;45.3
310;13:25:56.031;50;6.3801;45.3
311;13:25:57.031;50;6.37129;45.3
312;13:25:58.031;50;6.3701;45.3
313;13:25:59.031;50;6.3613;45.3
314;13:26:00.031;50;6.35121;45.3
315;13:26:01.031;50;6.35;45.3
316;13:26:02.031;50;6.34129;45.2912
317;13:26:03.031;50;6.3313;45.29
318;13:26:04.031;50;6.3301;45.29
319;13:26:05.031;50;6.3213;45.29
320;13:26:06.031;50;6.31121;45.29
321;13:26:07.031;50;6.31;45.29
322;13:26:08.031;50;6.30129;45.29
323;13:26:09.031;50;6.2913;45.29
324;13:26:10.031;50;6.2901;45.29
325;13:26:11.031;50;6.2901;45.29
326;13:26:12.031;50;6.28129;45.29
327;13:26:13.031;50;6.2801;45.29
328;13:26:14.031;50;6.27121;45.29
329;13:26:15.031;50;6.26129;45.29
330;13:26:16.031;50;6.2601;45.29
331;13:26:17.031;50;6.2513;45.2812
332;13:26:18.031;50;6.2413;45.28
333;13:26:19.031;50;6.2401;45.28
334;13:26:20.031;50;6.2401;45.28
335;13:26:21.031;50;6.23132;45.28
336;13:26:22.031;50;6.2301;45.28
337;13:26:23.031;50;6.22123;45.28
338;13:26:24.031;50;6.21131;45.28
339;13:26:25.031;50;6.2101;45.28
340;13:26:26.031;50;6.20132;45.28
341;13:26:27.031;50;6.2001;45.28
342;13:26:28.031;50;6.2001;45.28
343;13:26:29.031;50;6.19132;45.28
344;13:26:30.031;50;6.18123;45.28
345;13:26:31.031;50;6.18;45.28
346;13:26:32.031;50;6.17131;45.28
347;13:26:33.031;50;6.16132;45.28
348;13:26:34.031;50;6.1601;45.28
349;13:26:35.031;50;6.1601;45.2712
350;13:26:36.031;50;6.15132;45.27
351;13:26:37.031;50;6.1501;45.27
352;13:26:38.031;50;6.14123;45.27
353;13:26:39.031;50;6.13131;45.27
354;13:26:40.031;50;6.1301;45.27
355;13:26:41.031;50;6.1301;45.27
356;13:26:42.031;50;6.12134;45.27
357;13:26:43.031;50;6.1201;45.27
358;13:26:44.031;50;6.11135;45.27
359;13:26:45.031;50;6.1101;45.27
360;13:26:46.031;50;6.1101;45.27
361;13:26:47.031;50;6.10126;45.27
362;13:26:48.031;50;6.09133;45.2612
363;13:26:49.031;50;6.0901;45.26
364;13:26:50.031;50;6.08134;45.2687
365;13:26:51.031;50;6.0801;45.2612
366;13:26:52.031;50;6.0801;45.26
367;13:26:53.031;50;6.07134;45.26
368;13:26:54.031;50;6.06125;45.26
369;13:26:55.031;50;6.06;45.26
370;13:26:56.031;50;6.06;45.26
371;13:26:57.031;50;6.05133;45.26
372;13:26:58.031;50;6.0501;45.26
373;13:26:59.031;50;6.04134;45.26
374;13:27:00.031;50;6.0401;45.26
375;13:27:01.031;50;6.0401;45.26
376;13:27:02.031;50;6.03126;45.26
377;13:27:03.031;50;6.02124;45.26
378;13:27:04.031;50;6.02;45.26
379;13:27:05.031;50;6.02;45.26
380;13:27:06.031;50;6.01124;45.26
381;13:27:07.031;50;6.01;45.26
382;13:27:08.031;50;6.00124;45.2512
383;13:27:09.031;50;6;45.25
384;13:27:10.031;50;6;45.25
385;13:27:11.031;50;5.99124;45.25
386;13:27:12.031;50;5.99;45.25
387;13:27:13.031;50;5.99;45.25
388;13:27:14.031;50;5.98125;45.25
389;13:27:15.031;50;5.97125;45.25
390;13:27:16.031;50;5.97;45.25
391;13:27:17.031;50;5.97;45.25
392;13:27:18.031;50;5.96125;45.25
393;13:27:19.031;50;5.96;45.25
394;13:27:20.031;50;5.96;45.25
395;13:27:21.031;50;5.95124;45.25
396;13:27:22.031;50;5.95;45.25
397;13:27:23.031;50;5.94124;45.25
398;13:27:24.031;50;5.94;45.25
399;13:27:25.031;50;5.94;45.25
400;13:27:26.031;50;5.93124;45.25
401;13:27:27.031;50;5.93;45.25
402;13:27:28.031;50;5.93;45.25
403;13:27:29.031;50;5.92125;45.2413
404;13:27:30.031;50;5.92;45.2401
405;13:27:31.031;50;5.92;45.2401
406;13:27:32.031;50;5.91125;45.2401
407;13:27:33.031;50;5.90125;45.2401
408;13:27:34.031;50;5.9;45.2401
409;13:27:35.031;50;5.9;45.2401
410;13:27:36.031;50;5.89125;45.2401
411;13:27:37.031;50;5.89;45.2401
412;13:27:38.031;50;5.89;45.2401
413;13:27:39.031;50;5.88124;45.2401
414;13:27:40.031;50;5.88;45.2401
415;13:27:41.031;50;5.87124;45.2401
416;13:27:42.031;50;5.87;45.2401
417;13:27:43.031;50;5.87;45.2401
418;13:27:44.031;50;5.86125;45.2401
419;13:27:45.031;50;5.86;45.2401
420;13:27:46.031;50;5.86;45.2401
421;13:27:47.031;50;5.85125;45.2401
422;13:27:48.031;50;5.85;45.2401
423;13:27:49.031;50;5.85;45.2401
424;13:27:50.031;50;5.84125;45.2401
425;13:27:51.031;50;5.84;45.2401
426;13:27:52.031;50;5.84;45.2401
427;13:27:53.031;50;5.83125;45.2401
428;13:27:54.031;50;5.83;45.2401
429;13:27:55.031;50;5.83;45.2401
430;13:27:56.031;50;5.82124;45.2401
431;13:27:57.031;50;5.82;45.2401
432;13:27:58.031;50;5.82;45.2401
433;13:27:59.031;50;5.81125;45.2313
434;13:28:00.031;50;5.81;45.23
435;13:28:01.031;50;5.81;45.23
436;13:28:02.031;50;5.80125;45.23
437;13:28:03.031;50;5.8;45.23
438;13:28:04.031;50;5.8;45.23
439;13:28:05.031;50;5.79125;45.23
440;13:28:06.031;50;5.79;45.23
441;13:28:07.031;50;5.79;45.23
442;13:28:08.031;50;5.78125;45.23
443;13:28:09.031;50;5.78;45.23
444;13:28:10.031;50;5.78;45.23
445;13:28:11.031;50;5.77125;45.23
446;13:28:12.031;50;5.77;45.23
447;13:28:13.031;50;5.77;45.23
448;13:28:14.031;50;5.77;45.2213
449;13:28:15.031;50;5.76125;45.2201
450;13:28:16.031;50;5.76;45.2201
451;13:28:17.031;50;5.76;45.2288
452;13:28:18.031;50;5.75125;45.23
453;13:28:19.031;50;5.75;45.23
454;13:28:20.031;50;5.75;45.2213
455;13:28:21.031;50;5.75;45.2201
456;13:28:22.031;50;5.75;45.2201
457;13:28:23.031;50;5.74125;45.2201
458;13:28:24.031;50;5.74;45.2201
459;13:28:25.031;50;5.74;45.22
460;13:28:26.031;50;5.74;45.22
461;13:28:27.031;50;5.73125;45.22
462;13:28:28.031;50;5.73;45.22
463;13:28:29.031;50;5.73;45.22
464;13:28:30.031;50;5.72125;45.22
465;13:28:31.031;50;5.72;45.22
466;13:28:32.031;50;5.72;45.22
467;13:28:33.031;50;5.72;45.22
468;13:28:34.031;50;5.72;45.22
469;13:28:35.031;50;5.71125;45.22
470;13:28:36.031;50;5.71;45.22
471;13:28:37.031;50;5.71;45.22
472;13:28:38.031;50;5.71;45.22
473;13:28:39.031;50;5.70125;45.2113
474;13:28:40.031;50;5.7;45.2101
475;13:28:41.031;50;5.7;45.2101
476;13:28:42.031;50;5.7;45.2101
477;13:28:43.031;50;5.7;45.2101
478;13:28:44.031;50;5.69134;45.2101
479;13:28:45.031;50;5.6901;45.2101
480;13:28:46.031;50;5.6901;45.2101
481;13:28:47.031;50;5.6901;45.2101
482;13:28:48.031;50;5.68126;45.2101
483;13:28:49.031;50;5.68;45.2101
484;13:28:50.031;50;5.68;45.2101
485;13:28:51.031;50;5.68;45.2101
486;13:28:52.031;50;5.68;45.2101
487;13:28:53.031;50;5.67133;45.2101
488;13:28:54.031;50;5.6701;45.2101
489;13:28:55.031;50;5.6701;45.2101
490;13:28:56.031;50;5.6701;45.2101
491;13:28:57.031;50;5.66135;45.2013
492;13:28:58.031;50;5.6601;45.2001
493;13:28:59.031;50;5.6601;45.2088
494;13:29:00.031;50;5.6601;45.2013
495;13:29:01.031;50;5.6601;45.2001
496;13:29:02.031;50;5.65136;45.2088
497;13:29:03.031;50;5.6501;45.21
498;13:29:04.031;50;5.6501;45.21
499;13:29:05.031;50;5.6501;45.21
500;13:29:06.031;50;5.64126;45.21
501;13:29:07.031;50;5.64;45.21
502;13:29:08.031;50;5.64;45.21
503;13:29:09.031;50;5.64;45.2013
504;13:29:10.031;50;5.64;45.2001
505;13:29:11.031;50;5.63133;45.2088
506;13:29:12.031;50;5.6301;45.21
507;13:29:13.031;50;5.6301;45.21
508;13:29:14.031;50;5.6301;45.21
509;13:29:15.031;50;5.6301;45.2013
510;13:29:16.031;50;5.6301;45.2001
511;13:29:17.031;50;5.62136;45.2001
512;13:29:18.031;50;5.6201;45.2001
513;13:29:19.031;50;5.6201;45.2001
514;13:29:20.031;50;5.61136;45.2001
515;13:29:21.031;50;5.6101;45.2001
516;13:29:22.031;50;5.6101;45.2001
517;13:29:23.031;50;5.6101;45.2001
518;13:29:24.031;50;5.6101;45.2001
519;13:29:25.031;50;5.6101;45.2001
520;13:29:26.031;50;5.60126;45.2001
521;13:29:27.031;50;5.6;45.2001
522;13:29:28.031;50;5.6;45.2001
523;13:29:29.031;50;5.6;45.2001
524;13:29:30.031;50;5.59134;45.2001
525;13:29:31.031;50;5.5901;45.2001
526;13:29:32.031;50;5.5901;45.2001
527;13:29:33.031;50;5.5901;45.2001
528;13:29:34.031;50;5.5901;45.2001
529;13:29:35.031;50;5.5901;45.2088
530;13:29:36.031;50;5.58136;45.2013
531;13:29:37.031;50;5.5801;45.2001
532;13:29:38.031;50;5.5801;45.2001
533;13:29:39.031;50;5.5801;45.2001
534;13:29:40.031;50;5.5801;45.2001
535;13:29:41.031;50;5.5801;45.2001
536;13:29:42.031;50;5.57135;45.2001
537;13:29:43.031;50;5.5701;45.2001
538;13:29:44.031;50;5.5701;45.2001
539;13:29:45.031;50;5.5701;45.2001
540;13:29:46.031;50;5.5701;45.2001
541;13:29:47.031;50;5.56127;45.2001
542;13:29:48.031;50;5.56;45.2001
543;13:29:49.031;50;5.56;45.2001
544;13:29:50.031;50;5.56;45.2001
545;13:29:51.031;50;5.56;45.2001
546;13:29:52.031;50;5.56;45.2001
547;13:29:53.031;50;5.55134;45.2001
548;13:29:54.031;50;5.5501;45.2001
549;13:29:55.031;50;5.5501;45.2001
550;13:29:56.031;50;5.5501;45.2001
551;13:29:57.031;50;5.5501;45.2001
552;13:29:58.031;50;5.5501;45.2001
553;13:29:59.031;50;5.54135;45.2001
554;13:30:00.031;50;5.5401;45.2001
555;13:30:01.031;50;5.5401;45.2001
556;13:30:02.031;50;5.5401;45.2001
557;13:30:03.031;50;5.53136;45.2001
558;13:30:04.031;50;5.5301;45.2001
559;13:30:05.031;50;5.5301;45.2001
560;13:30:06.031;50;5.5301;45.2
561;13:30:07.031;50;5.5301;45.2
562;13:30:08.031;50;5.5301;45.2
563;13:30:09.031;50;5.5301;45.1913
564;13:30:10.031;50;5.5301;45.19
565;13:30:11.031;50;5.52127;45.19
566;13:30:12.031;50;5.52;45.19
567;13:30:13.031;50;5.52;45.19
568;13:30:14.031;50;5.52;45.1987
569;13:30:15.031;50;5.52;45.1912
570;13:30:16.031;50;5.52;45.19
571;13:30:17.031;50;5.51133;45.19
572;13:30:18.031;50;5.5101;45.19
573;13:30:19.031;50;5.5101;45.19
574;13:30:20.031;50;5.5101;45.19
575;13:30:21.031;50;5.5101;45.19
576;13:30:22.031;50;5.5101;45.19
577;13:30:23.031;50;5.50136;45.19
578;13:30:24.031;50;5.50001;45.19
579;13:30:25.031;50;5.5;45.19
580;13:30:26.031;50;5.5;45.19
581;13:30:27.031;50;5.5;45.19
582;13:30:28.031;50;5.5;45.19
583;13:30:29.031;50;5.49134;45.19
584;13:30:30.031;50;5.4901;45.19
585;13:30:31.031;50;5.4901;45.19
586;13:30:32.031;50;5.4901;45.19
587;13:30:33.031;50;5.4901;45.19
588;13:30:34.031;50;5.4901;45.19
589;13:30:35.031;50;5.4901;45.19
590;13:30:36.031;50;5.48136;45.19
591;13:30:37.031;50;5.4801;45.19
592;13:30:38.031;50;5.4801;45.19
593;13:30:39.031;50;5.4801;45.19
594;13:30:40.031;50;5.4801;45.19
595;13:30:41.031;50;5.4801;45.19
596;13:30:42.031;50;5.47127;45.19
597;13:30:43.031;50;5.47;45.19
598;13:30:44.031;50;5.47;45.19
599;13:30:45.031;50;5.47;45.19
600;13:30:46.031;50;5.47;45.19
601;13:30:47.031;50;5.47;45.19
602;13:30:48.031;50;5.47;45.1813
603;13:30:49.031;50;5.47;45.18
604;13:30:50.031;50;5.46133;45.1887
605;13:30:51.031;50;5.4601;45.1899
606;13:30:52.031;50;5.4601;45.1899
607;13:30:53.031;50;5.4601;45.1812
608;13:30:54.031;50;5.4601;45.18
609;13:30:55.031;50;5.4601;45.18
610;13:30:56.031;50;5.4601;45.1887
611;13:30:57.031;50;5.45136;45.1899
612;13:30:58.031;50;5.4501;45.1899
613;13:30:59.031;50;5.4501;45.1812
614;13:31:00.031;50;5.4501;45.1887
615;13:31:01.031;50;5.4501;45.1899
616;13:31:02.031;50;5.4501;45.1899
617;13:31:03.031;50;5.4501;45.1899
618;13:31:04.031;50;5.4501;45.1899
619;13:31:05.031;50;5.44136;45.1899
620;13:31:06.031;50;5.4401;45.1812
621;13:31:07.031;50;5.4401;45.18
622;13:31:08.031;50;5.4401;45.18
623;13:31:09.031;50;5.4401;45.1887
624;13:31:10.031;50;5.4401;45.1899
625;13:31:11.031;50;5.4401;45.1812
626;13:31:12.031;50;5.43127;45.18
627;13:31:13.031;50;5.43;45.18
628;13:31:14.031;50;5.43;45.1887
629;13:31:15.031;50;5.43;45.1899
630;13:31:16.031;50;5.43;45.1899
631;13:31:17.031;50;5.43;45.1812
632;13:31:18.031;50;5.43;45.18
633;13:31:19.031;50;5.43;45.18
634;13:31:20.031;50;5.42134;45.18
635;13:31:21.031;50;5.4201;45.18
636;13:31:22.031;50;5.4201;45.18
637;13:31:23.031;50;5.4201;45.18
638;13:31:24.031;50;5.4201;45.18
639;13:31:25.031;50;5.4201;45.18
640;13:31:26.031;50;5.4201;45.18
641;13:31:27.031;50;5.4201;45.18
642;13:31:28.031;50;5.4201;45.18
643;13:31:29.031;50;5.41136;45.18
644;13:31:30.031;50;5.4101;45.18
645;13:31:31.031;50;5.4101;45.18
646;13:31:32.031;50;5.4101;45.18
647;13:31:33.031;50;5.4101;45.18
648;13:31:34.031;50;5.4101;45.18
649;13:31:35.031;50;5.4101;45.18
650;13:31:36.031;50;5.40136;45.18
651;13:31:37.031;50;5.4001;45.18
652;13:31:38.031;50;5.4001;45.18
653;13:31:39.031;50;5.4001;45.18
654;13:31:40.031;50;5.4001;45.18
655;13:31:41.031;50;5.4001;45.18
656;13:31:42.031;50;5.4001;45.18
657;13:31:43.031;50;5.4001;45.18
658;13:31:44.031;50;5.4001;45.18
659;13:31:45.031;50;5.39127;45.18
660;13:31:46.031;50;5.39;45.18
661;13:31:47.031;50;5.39;45.18
662;13:31:48.031;50;5.39;45.18
663;13:31:49.031;50;5.39;45.18
664;13:31:50.031;50;5.39;45.18
665;13:31:51.031;50;5.39;45.18
666;13:31:52.031;50;5.39;45.18
667;13:31:53.031;50;5.39;45.18
668;13:31:54.031;50;5.38134;45.18
669;13:31:55.031;50;5.3801;45.18
670;13:31:56.031;50;5.3801;45.18
671;13:31:57.031;50;5.3801;45.18
672;13:31:58.031;50;5.3801;45.18
673;13:31:59.031;50;5.3801;45.18
674;13:32:00.031;50;5.3801;45.18
675;13:32:01.031;50;5.3801;45.18
676;13:32:02.031;50;5.37136;45.18
677;13:32:03.031;50;5.3701;45.18
678;13:32:04.031;50;5.3701;45.18
679;13:32:05.031;50;5.37001;45.18
680;13:32:06.031;50;5.37;45.18
681;13:32:07.031;50;5.37;45.18
682;13:32:08.031;50;5.37;45.18
683;13:32:09.031;50;5.37;45.1713
684;13:32:10.031;50;5.37;45.1701
685;13:32:11.031;50;5.36134;45.1788
686;13:32:12.031;50;5.3601;45.18
687;13:32:13.031;50;5.3601;45.18
688;13:32:14.031;50;5.3601;45.18
689;13:32:15.031;50;5.3601;45.18
690;13:32:16.031;50;5.3601;45.18
691;13:32:17.031;50;5.3601;45.18
692;13:32:18.031;50;5.3601;45.18
693;13:32:19.031;50;5.3601;45.18
694;13:32:20.031;50;5.3601;45.18
695;13:32:21.031;50;5.35127;45.18
696;13:32:22.031;50;5.35;45.18
697;13:32:23.031;50;5.35;45.18
698;13:32:24.031;50;5.35;45.18
699;13:32:25.031;50;5.35;45.18
700;13:32:26.031;50;5.35;45.18
701;13:32:27.031;50;5.35;45.18
702;13:32:28.031;50;5.35;45.18
703;13:32:29.031;50;5.35;45.18
704;13:32:30.031;50;5.34136;45.18
705;13:32:31.031;50;5.3401;45.18
706;13:32:32.031;50;5.3401;45.18
707;13:32:33.031;50;5.3401;45.18
708;13:32:34.031;50;5.3401;45.18
709;13:32:35.031;50;5.3401;45.18
710;13:32:36.031;50;5.3401;45.18
711;13:32:37.031;50;5.3401;45.18
712;13:32:38.031;50;5.3401;45.18
713;13:32:39.031;50;5.3401;45.18
714;13:32:40.031;50;5.3401;45.18
715;13:32:41.031;50;5.33128;45.18
716;13:32:42.031;50;5.3301;45.18
717;13:32:43.031;50;5.3301;45.18
718;13:32:44.031;50;5.3301;45.18
719;13:32:45.031;50;5.3301;45.18
720;13:32:46.031;50;5.3301;45.18
721;13:32:47.031;50;5.3301;45.18
722;13:32:48.031;50;5.3301;45.1713
723;13:32:49.031;50;5.3301;45.1701
724;13:32:50.031;50;5.3301;45.1788
725;13:32:51.031;50;5.3301;45.18
726;13:32:52.031;50;5.3301;45.18
727;13:32:53.031;50;5.32127;45.18
728;13:32:54.031;50;5.3201;45.18
729;13:32:55.031;50;5.3201;45.18
730;13:32:56.031;50;5.3201;45.18
731;13:32:57.031;50;5.3201;45.18
732;13:32:58.031;50;5.3201;45.18
733;13:32:59.031;50;5.3201;45.18
734;13:33:00.031;50;5.3201;45.18
735;13:33:01.031;50;5.3201;45.18
736;13:33:02.031;50;5.31119;45.18
737;13:33:03.031;50;5.31;45.18
738;13:33:04.031;50;5.31;45.18
739;13:33:05.031;50;5.31;45.18
740;13:33:06.031;50;5.31;45.18
741;13:33:07.031;50;5.31;45.18
742;13:33:08.031;50;5.31;45.18
743;13:33:09.031;50;5.31;45.18
744;13:33:10.031;50;5.31;45.18
745;13:33:11.031;50;5.31;45.18
746;13:33:12.031;50;5.31;45.18
747;13:33:13.031;50;5.31;45.18
748;13:33:14.031;50;5.30125;45.18
749;13:33:15.031;50;5.3001;45.18
750;13:33:16.031;50;5.3001;45.18
751;13:33:17.031;50;5.3001;45.18
752;13:33:18.031;50;5.3001;45.18
753;13:33:19.031;50;5.3001;45.18
754;13:33:20.031;50;5.3001;45.18
755;13:33:21.031;50;5.3001;45.18
756;13:33:22.031;50;5.3001;45.18
757;13:33:23.031;50;5.3001;45.18
758;13:33:24.031;50;5.3001;45.18
759;13:33:25.031;50;5.3001;45.18
760;13:33:26.031;50;5.29128;45.18
761;13:33:27.031;50;5.2901;45.18
762;13:33:28.031;50;5.2901;45.18
763;13:33:29.031;50;5.2901;45.18
764;13:33:30.031;50;5.2901;45.18
765;13:33:31.031;50;5.2901;45.18
766;13:33:32.031;50;5.2901;45.18
767;13:33:33.031;50;5.2901;45.18
768;13:33:34.031;50;5.2901;45.18
769;13:33:35.031;50;5.2901;45.18
770;13:33:36.031;50;5.2901;45.18
771;13:33:37.031;50;5.2901;45.18
772;13:33:38.031;50;5.2901;45.18
773;13:33:39.031;50;5.28127;45.18
774;13:33:40.031;50;5.2801;45.18
775;13:33:41.031;50;5.2801;45.18
776;13:33:42.031;50;5.2801;45.18
777;13:33:43.031;50;5.2801;45.18
778;13:33:44.031;50;5.2801;45.18
779;13:33:45.031;50;5.2801;45.18
780;13:33:46.031;50;5.28001;45.18
781;13:33:47.031;50;5.28;45.18
782;13:33:48.031;50;5.28;45.18
783;13:33:49.031;50;5.28;45.18
784;13:33:50.031;50;5.27117;45.18
785;13:33:51.031;50;5.27;45.18
786;13:33:52.031;50;5.27;45.18
787;13:33:53.031;50;5.27;45.18
788;13:33:54.031;50;5.27;45.18
789;13:33:55.031;50;5.27;45.18
790;13:33:56.031;50;5.27;45.18
791;13:33:57.031;50;5.27;45.18
792;13:33:58.031;50;5.27;45.18
793;13:33:59.031;50;5.27;45.18
794;13:34:00.031;50;5.27;45.18
795;13:34:01.031;50;5.27;45.18
796;13:34:02.031;50;5.27;45.18
797;13:34:03.031;50;5.26116;45.18
798;13:34:04.031;50;5.26;45.18
799;13:34:05.031;50;5.26;45.18
800;13:34:06.031;50;5.26;45.18
801;13:34:07.031;50;5.26;45.18
802;13:34:08.031;50;5.26;45.18
